author,created_utc,domain,id,is_self,num_comments,over_18,permalink,retrieved_on,score,selftext,stickied,subreddit_id,title,url
sirsadalot,1642446960,digitalcommons.usf.edu,s6c6e5,False,1,False,/r/NooTopics/comments/s6c6e5/the_antidepressant_drug_tianeptine_blocks_working/,1709901619,15,,False,t5_4aoxhu,The Antidepressant Drug Tianeptine Blocks Working Memory Errors: Pharmacological and Endocrine Manipulations of Stress-Induced Amnesia in Rats,https://digitalcommons.usf.edu/etd/976/
